6
0.277324263038549
7
0.597324263038549
8
0.831995464852608
7
1.04532879818594
6
1.23732426303855
2
1.47199546485261
1
1.66399092970522
2
1.89866213151927
4
3.56265306122449
6
5.05598639455782
7
5.26931972789116
5
6.37866213151927
6
6.99732426303855
4
8.31997732426304
6
8.49065759637188
7
8.74664399092971
6
9.13065759637188
8
9.94131519274376
9
11.9253287981859
8
12.159977324263
6
13.2266439909297
4
13.8666439909297
5
15.2959863945578
6
15.5306575963719
6
17.279977324263
7
18.7733106575964
8
19.0079818594104
7
20.0959863945578
8
20.7359863945578
4
22.0159863945578
6
22.2293197278912
7
22.4426530612245
6
22.8693197278912
7
23.7226530612245
9
25.599977324263
8
25.8346485260771
6
26.9866439909297
4
27.5626530612245
6
28.0106575963719
7
28.2453287981859
8
28.4586621315193
7
28.6506575963719
6
28.8426530612245
2
29.0133106575964
6
29.2906575963719
7
30.9546485260771
7
32.4693197278912
8
32.7039909297052
6
33.8346485260771
4
34.4533106575964
6
35.7759863945578
7
35.9679818594104
8
36.1813151927438
7
36.5653287981859
9
37.4186621315193
8
39.359977324263
7
39.5733106575964
6
40.6613151927438
4
41.3013151927438
1
42.7946485260771
2
43.0079818594104
4
44.7786621315193
6
46.2293197278912
7
46.4426530612245
6
47.5733106575964
4
48.1493197278912
1
49.3866439909297
2
49.6853287981859
6
49.8986621315193
2
50.2613151927438
8
51.0933106575964
9
53.0559863945578
8
53.2693197278912
7
54.3786621315193
4
54.9973242630385
6
55.4239909297052
7
55.6159863945578
8
55.8506575963719
7
56.0853287981859
6
56.2773242630386
5
56.4693197278912
6
56.7253287981859
4
58.4106575963719
6
59.9253287981859
7
60.1386621315193
6
61.2479818594104
7
61.8879818594104
6
63.1466439909297
2
63.5946485260771
6
64.0213151927438
2
64.8533106575964
7
66.9866439909297
6
68.159977324263
2
68.7146485260771
4
69.9946485260771
6
70.2079818594104
7
70.4426530612245
6
70.8266439909297
8
71.7653287981859
9
73.0239909297052
9
73.599977324263
8
73.8773242630385
7
74.0266439909297
6
74.2613151927438
7
74.9866439909297
6
75.6693197278911
6
77.4826530612245
2
78.6346485260771
9
80.5759863945578
8
80.7466439909297
7
80.9386621315193
6
81.1519954648526
7
81.7919954648526
4
82.5173242630385
7
84.159977324263
4
85.439977324263
6
87.5519954648526
7
88.6426530612245
6
90.5386621315193
2
90.9653287981859
6
91.4133106575964
7
92.2666439909297
6
93.5893197278912
7
94.4853287981859
6
95.5733106575964
4
96.2559863945578
2
97.4506575963719
6
97.6426530612245
7
97.8773242630385
6
98.2613151927438
8
99.1573242630385
9
100.437324263039
9
101.141315192744
8
101.354648526077
7
101.503990929705
6
101.717324263039
7
102.378662131519
4
103.039977324263
6
104.298662131519
7
105.045328798186
8
106.02664399093
8
107.925328798186
7
108.159977324263
6
108.373310657596
4
108.565328798186
7
109.290657596372
6
109.909319727891
7
111.594648526077
6
112.895986394558
7
115.455986394558
6
116.735986394558
2
118.037324263039
6
118.229319727891
7
118.463990929705
6
118.890657596372
8
119.722653061224
8
121.663990929705
7
121.898662131519
6
123.00798185941
2
123.583990929705
4
125.034648526077
6
125.269319727891
7
127.018662131519
6
128.44798185941
7
128.703990929705
6
129.834648526077
7
130.410657596372
6
131.690657596372
7
131.925328798186
8
132.159977324263
6
132.60798185941
2
133.439977324263
9
135.381315192744
8
135.573310657596
0
136.682653061224
1
137.301315192744
6
137.834648526077
7
137.941315192744
6
138.197324263039
5
138.389319727891
2
138.602653061224
1
138.815986394558
5
139.00798185941
7
140.693310657596
6
142.250657596372
7
142.442653061224
4
143.551995464853
6
144.149319727891
2
145.40798185941
6
145.642653061224
7
145.877324263039
6
146.261315192744
8
147.114648526077
9
149.077324263039
8
149.290657596372
6
150.399977324263
2
151.018662131519
1
152.511995464853
2
152.74664399093
6
154.431995464853
3
155.94664399093
6
156.159977324263
1
157.24798185941
2
157.845328798186
3
159.14664399093
6
159.381315192744
7
159.637324263039
6
160.021315192744
0
160.874648526077
8
162.965328798186
7
163.093310657596
6
164.159977324263
3
164.757324263039
7
165.205328798186
8
165.439977324263
7
165.653310657596
6
165.845328798186
5
166.037324263039
3
166.271995464853
1
166.485328798186
6
168.149319727891
5
169.621315192744
6
169.834648526077
5
170.858662131519