7
8.06399092970521
7
8.72532879818594
8
9.02399092970522
7
9.23732426303855
7
10.0266439909297
7
10.7093197278912
6
11.0079818594104
7
11.2213151927438
7
12.0106575963719
7
12.6933106575964
8
12.9919954648526
7
13.2479818594104
6
14.0159863945578
6
14.719977324263
5
14.9759863945578
6
15.2106575963719
7
15.5733106575964
6
15.999977324263
7
16.4693197278912
8
16.9173242630385
6
18.9226530612245
8
19.199977324263
7
19.4346485260771
6
19.8186621315193
5
20.1173242630385
5
20.9919954648526
5
21.2053287981859
6
21.439977324263
7
21.7813151927438
6
22.1653287981859
5
22.9973242630385
2
23.4879818594104
1
23.9786621315193
6
24.4479818594104
7
24.9386621315193
6
27.0293197278912
8
27.2426530612245
7
27.4986621315193
6
27.839977324263
5
28.1813151927438
5
28.9919954648526
5
29.2266439909297
7
29.4826530612245
8
29.8453287981859
7
30.2293197278912
6
30.9973242630385
5
31.5306575963719
2
31.9786621315193
6
32.4906575963719
7
32.959977324263
6
35.0293197278912
8
35.2426530612245
7
35.4986621315193
6
35.839977324263
5
36.2239909297052
5
37.0133106575964
5
37.2693197278912
7
37.4826530612245
8
37.8666439909297
7
38.2079818594104
6
38.9973242630385
5
39.4239909297052
2
39.8933106575964
6
40.3413151927438
7
40.8533106575964
6
43.0079818594104
8
43.2426530612245
7
43.4986621315193
6
43.839977324263
5
44.1813151927438
5
44.9919954648526
5
45.2266439909297
6
45.439977324263
7
45.8453287981859
6
46.2079818594104
5
46.9973242630385
2
47.4666439909297
1
47.9359863945578
6
48.4053287981859
7
48.9173242630386
5
51.0293197278912
8
51.2639909297052
7
51.5413151927438
6
51.8613151927438
5
52.2666439909297
5
52.9919954648526
5
53.2479818594104
7
53.5466439909297
8
53.9093197278912
7
54.2506575963719
6
55.0186621315193
5
55.5093197278912
8
56.5973242630386
7
57.5359863945578
6
58.5173242630385
5
59.4773242630385
7
61.5039909297052
8
63.0826530612245
9
63.5093197278912
8
64.5119954648526
7
65.5146485260771
6
66.5173242630385
5
67.4773242630386
6
69.5253287981859
7
71.1039909297052
8
71.5519954648526
7
71.999977324263
8
72.4906575963719
9
72.959977324263
6
75.0293197278912
8
75.2213151927438
7
75.4773242630386
6
75.7973242630385
2
76.0106575963719
6
76.9279818594104
6
77.1839909297052
7
77.4186621315193
8
77.7813151927438
7
78.1653287981859
6
79.039977324263
5
79.5093197278912
2
79.9786621315193
6
80.4266439909297
8
80.8959863945578
6
82.9866439909297
8
83.2213151927438
7
83.4559863945578
6
83.7333106575964
5
83.9893197278912
6
84.9279818594104
6
85.1839909297052
6
85.9946485260771
6
86.2506575963719
6
87.0186621315193
6
87.2746485260771
8
87.5093197278912
7
87.7439909297052
6
87.9786621315193
2
89.0026530612245
5
89.2159863945578
6
89.4719954648526
7
89.7279818594104
8
89.9626530612245
9
91.0719954648526
8
91.1786621315193
8
91.4559863945578
7
91.7973242630385
6
92.0319954648526
2
92.9706575963719
7
93.4613151927438
8
93.8666439909297
7
94.2079818594104
6
94.9759863945578
7
95.4879818594104
6
95.7226530612245
5
95.9786621315193
6
96.9813151927438
7
97.2373242630385
8
97.4933106575964
9
97.8133106575964
9
98.0693197278912
9
99.0079818594104
8
99.1359863945578
8
99.4133106575964
7
99.7333106575964
6
99.9893197278912
6
100.991995464853
7
101.439977324263
8
101.823990929705
7
102.229319727891
6
103.018662131519
7
103.530657596372
6
103.78664399093
5
104.021315192744
6
105.08798185941
7
105.301315192744
8
105.578662131519
9
105.834648526077
9
106.04798185941
9
107.029319727891
8
107.178662131519
8
107.434648526077
7
107.711995464853
8
107.839977324263
7
107.96798185941
8
108.159977324263
7
108.309319727891
8
108.479977324263
9
108.629319727891
8
108.757324263039
7
108.90664399093
8
109.034648526077
9
109.269319727891
8
109.503990929705
7
109.909319727891
6
110.335986394558
7
110.719977324263
7
112.170657596372
9
112.490657596372
8
112.725328798186
9
112.981315192744
8
113.493310657596
7
114.239977324263
8
114.517324263039
9
114.730657596372
8
114.965328798186
7
115.477324263039
8
115.754648526077
7
115.839977324263
8
115.989319727891
7
116.245328798186
8
116.373310657596
9
116.522653061224
8
116.714648526077
7
116.885328798186
8
117.034648526077
9
117.24798185941
6
117.525328798186
6
118.250657596372
5
118.485328798186
6
118.719977324263
5
118.975986394558
2
119.189319727891
7
119.423990929705
7
120.085328798186
9
120.341315192744
8
120.618662131519
9
120.831995464853
8
121.493310657596
7
122.261315192744
8
122.474648526077
9
122.751995464853
8
122.879977324263
8
123.477324263039
7
123.797324263039
8
124.095986394558
7
124.223990929705
8
124.373310657596
7
124.522653061224
9
124.714648526077
8
124.90664399093
9
125.098662131519
8
125.311995464853
7
125.589319727891
8
126.335986394558
7
126.570657596372
8
126.82664399093
7
126.997324263039
6
127.274648526077
7
127.509319727891
7
128.170657596372
9
128.44798185941
8
128.639977324263
9
128.938662131519
5
129.471995464853
2
130.197324263039
6
130.474648526077
7
130.623990929705
8
130.858662131519
7
131.029319727891
8
131.519977324263
7
131.775986394558
8
131.903990929705
7
131.989319727891
8
132.26664399093
7
132.373310657596
8
132.522653061225
9
132.671995464853
8
132.821315192744
7
133.034648526077
8
133.333310657596
7
133.503990929705
7
134.165328798186
6
134.421315192744
7
134.719977324263
6
134.975986394558
5
135.210657596372
6
135.48798185941
7
136.10664399093
8
136.319977324263
7
136.661315192744
9
136.981315192744
8
137.471995464853
7
138.239977324263
8
138.474648526077
7
138.709319727891
8
138.922653061224
6
139.519977324263
7
140.522653061225
5
141.54664399093
4
142.549319727891
2
143.509319727891
3
145.471995464853
4
147.00798185941
8
147.541315192744
7
148.458662131519
6
149.503990929705
5
150.485328798186
4
151.46664399093
6
153.514648526077
7
155.519977324263
6
155.754648526077
7
155.882653061224
6
155.989319727891
7
156.351995464853
6
156.501315192744
7
156.60798185941
6
156.757324263039
7
156.90664399093
8
157.162653061224
7
157.461315192744
7
158.250657596372
6
158.485328798186
7
158.719977324263
6
158.954648526077
4
159.231995464853
7
159.445328798186
7
160.170657596372
8
160.42664399093
7
160.682653061224
8
160.874648526077
9
161.109319727891
8
161.471995464853
7
162.175986394558
8
162.495986394558
7
162.709319727891
2
163.093310657596
8
163.519977324263
7
163.754648526077
8
163.903990929705
7
164.031995464853
8
164.28798185941
7
164.415986394558
8
164.543990929705
7
164.671995464853
8
164.799977324263
9
164.991995464853
8
165.22664399093
7
165.482653061224
7
166.20798185941
6
166.463990929705
7
166.613310657596
6
166.890657596372
4
167.231995464853
7
167.48798185941
6
167.957324263039
7
168.042653061224
6
168.319977324263
7
168.469319727891
6
168.554648526077
7
168.661315192744
6
168.810657596372
7
168.959977324263
8
169.151995464853
9
169.429319727891
6
169.70664399093
7
169.70664399093
8
170.239977324263
7
170.517324263039
8
170.730657596372
7
170.965328798186
6
171.221315192744
7
171.455986394558
6
171.754648526077
5
171.96798185941
3
172.223990929705
4
172.458662131519
1
173.461315192744
2
173.759977324263
6
173.802653061225
6
174.079977324263
7
174.314648526077
8
174.50664399093
9
175.509319727891
8
176.511995464853
7
177.471995464853
9
177.983990929705
8
178.474648526077
7
178.965328798186
6
179.498662131519
7
179.989319727891
8
180.010657596372
7
180.757324263039
8
181.034648526077
7
181.269319727891
6
182.015986394558
6
182.719977324263
5
182.975986394558
6
183.253310657596
6
183.999977324263
6
184.682653061224
8
184.959977324263
7
185.237324263039
6
185.919977324263
6
186.68798185941
4
186.965328798186
6
187.199977324263
7
187.903990929705
7
188.650657596372
8
188.949319727891
7
189.205328798186
6
189.930657596372
6
190.741315192744
5
190.975986394558
6
191.231995464853
6
191.850657596372
6
192.682653061224
8
192.959977324263
7
193.237324263039
6
193.919977324263
6
194.66664399093
4
194.922653061224
6
195.157324263039
6
195.903990929705
6
196.671995464853
8
196.92798185941
7
197.183990929705
6
197.909319727891
6
198.719977324263
4
198.954648526077
5
199.16798185941
6
199.893310657596
6
200.149319727891
6
200.639977324263
8
200.917324263039
7
201.130657596372
6
201.877324263039
6
202.623990929705
4
202.901315192744
5
203.157324263039