6
0.874648526077098
3
2.96532879818594
5
3.37065759637188
8
4.86399092970522
7
7.10399092970522
4
7.61598639455782
6
8.91732426303855
5
9.85598639455782
2
10.1119954648526
5
10.4533106575964
3
10.8373242630385
6
11.5413151927438
7
11.839977324263
6
12.3733106575964
8
12.6293197278912
7
12.9066439909297
6
13.3546485260771
5
13.6106575963719
3
13.8666439909297
4
14.3786621315193
5
14.6133106575964
6
14.8479818594104
7
15.5306575963719
5
16.0426530612245
6
16.4479818594104
5
16.8106575963719
7
17.3439909297052
6
17.8346485260771
5
18.1119954648526
6
18.4959863945578
4
18.8159863945578
6
19.519977324263
8
19.8186621315193
7
20.2666439909297
9
20.5866439909297
8
20.7786621315193
7
21.2906575963719
6
21.5679818594104
5
21.8026530612245
4
22.2719954648526
6
22.5066439909297
7
22.8053287981859
8
23.5306575963719
7
24.9813151927438
6
25.6853287981859
2
25.9626530612245
3
27.7759863945578
6
28.0746485260771
3
29.6106575963719
7
29.8666439909297
4
32.4266439909297
6
33.7279818594104
3
33.919977324263
3
35.6906575963719
3
37.6746485260771
6
37.9093197278912
6
40.0853287981859
7
40.1706575963719
8
41.3439909297052
5
41.8346485260771
6
43.1359863945578
7
43.4133106575964
8
43.6479818594104
8
43.8826530612245
8
44.1173242630385
7
44.8426530612245
9
45.0773242630385
8
45.3333106575964
8
45.8453287981859
6
48.0426530612245
7
48.1066439909297
8
49.3866439909297
5
49.8559863945578
6
51.0933106575964
7
51.3706575963719
8
51.6479818594104
8
51.9253287981859
8
52.159977324263
7
52.8639909297052
9
53.0559863945578
7
53.3973242630385
8
53.8453287981859
9
55.6373242630386
8
55.8719954648526
8
56.4053287981859
7
56.8533106575964
8
57.1093197278912
9
57.4293197278912
6
57.8773242630385
7
59.1573242630385
8
59.4133106575964
9
59.6479818594104
9
59.9466439909297
9
60.2879818594104
9
60.9706575963719
7
61.3973242630385
8
61.8879818594104
8
64.4053287981859
6
64.8319954648526
7
65.0879818594104
8
65.3653287981859
6
65.8773242630385
7
67.0506575963719
8
67.3493197278912
9
67.6479818594104
9
67.9253287981859
9
68.2026530612245
9
68.9279818594104
5
69.3546485260771
6
69.8026530612245
7
76.8639909297052
6
77.759977324263
7
77.9733106575964
8
78.8906575963719
5
79.359977324263
6
79.8293197278912
8
80.8533106575964
7
81.6213151927438
7
81.8773242630385
6
82.3679818594104
8
84.9066439909297
5
85.6106575963719
6
85.8666439909297
8
86.9119954648526
7
87.4026530612245
4
87.8079818594104
7
88.8746485260771
6
89.5573242630386
5
89.8559863945578
6
90.3679818594104
7
91.7119954648526
7
91.8186621315193
7
91.9679818594104
7
92.0746485260771
5
96.2986621315193
7
96.8533106575964
7
98.8373242630386
5
99.3493197278912
6
100.90664399093
5
101.951995464853
8
103.103990929705
7
103.551995464853
6
104.853310657596
6
106.943990929705
1
107.391995464853
6
107.989319727891
7
108.863990929705
6
109.461315192744
8
109.909319727891
7
111.061315192744
5
111.594648526077
6
112.149319727891
7
112.959977324263
6
113.557324263039
2
113.877324263039
6
115.071995464853
7
115.477324263039
8
115.711995464853
8
115.989319727891
8
116.28798185941
7
116.863990929705
9
117.119977324263
8
117.397324263039
8
117.86664399093
7
120.12798185941
8
121.365328798186
5
121.855986394558
6
123.114648526077
7
123.391995464853
8
123.62664399093
8
123.903990929705
8
124.202653061224
7
124.799977324263
9
124.949319727891
7
125.375986394558
8
125.802653061224
9
127.658662131519
6
127.914648526077
6
128.42664399093
4
128.874648526077
6
129.109319727891
7
129.322653061224
8
129.557324263039
6
130.04798185941
7
131.114648526077
8
131.413310657596
8
131.669319727891
8
131.925328798186
9
131.96798185941
9
132.202653061224
9
132.92798185941
6
133.375986394558
7
133.781315192744
8
136.405328798186
7
136.810657596372
8
137.06664399093
9
137.343990929705
6
137.855986394558
6
139.157324263039
7
139.413310657596
8
139.669319727891
8
139.96798185941
8
140.223990929705
8
140.92798185941
5
141.397324263039
6
141.951995464853
7
143.850657596372
