6
0.469319727891156
5
1.21598639455782
6
1.98399092970522
4
4.20265306122449
2
5.29065759637188
3
6.10131519274376
7
8.19199546485261
6
9.32265306122449
7
10.0693197278912
6
12.1173242630385
5
13.3333106575964
8
14.0373242630385
7
14.3359863945578
6
14.5706575963719
7
14.8479818594104
6
15.1253287981859
5
15.4026530612245
4
15.6373242630385
6
15.8719954648526
7
16.1493197278912
8
17.1519954648526
7
17.3866439909297
8
17.6426530612245
7
17.919977324263
8
18.1333106575964
7
18.3893197278912
6
18.6666439909297
7
18.9013151927438
8
19.1146485260771
9
19.6266439909297
8
20.0959863945578
7
22.1013151927438
8
22.1439909297052
9
23.2959863945578
8
23.5946485260771
9
23.8506575963719
8
23.999977324263
7
24.2133106575964
8
25.4719954648526
7
26.0479818594104
6
27.8826530612245
7
27.9679818594104
6
28.0959863945578
7
28.2239909297052
8
29.3759863945578
7
30.0159863945578
8
30.8479818594104
6
31.4026530612245
8
32.0639909297052
9
33.1306575963719
8
33.3653287981859
9
33.599977324263
8
33.8773242630385
7
34.1546485260771
6
34.3893197278912
5
34.6453287981859
6
34.9013151927438
7
35.1359863945578
8
35.6479818594104
6
36.0959863945578
7
38.0586621315193
8
38.1226530612245
9
38.1866439909297
9
39.2746485260771
8
39.5733106575964
9
39.7653287981859
8
39.9786621315193
7
40.1919954648526
7
41.3439909297052
4
42.0479818594104
8
43.839977324263
7
43.9893197278912
8
44.1173242630385
9
45.3333106575964
8
46.0159863945578
9
46.8053287981859
7
47.359977324263
8
48.0639909297052
7
48.639977324263
6
49.1306575963719
7
49.3226530612245
8
49.5359863945578
7
51.7546485260771
6
52.1386621315193
5
52.5866439909297
4
53.0559863945578
2
53.6319954648526
6
55.3173242630386
5
56.0639909297052
6
59.1359863945578
8
60.0533106575964
7
63.1253287981859
8
64.1279818594104
9
65.1093197278912
8
65.3653287981859
7
65.5786621315193
8
65.8346485260771
7
66.1333106575964
6
66.4319954648526
5
66.6453287981859
6
66.8586621315193
7
67.0719954648526
8
67.6266439909297
7
68.0746485260771
7
70.0373242630385
8
70.079977324263
9
70.1866439909297
9
71.3173242630385
8
71.5733106575964
9
71.8293197278912
8
72.0639909297052
7
72.2133106575964
8
73.4293197278912
6
74.0906575963719
8
75.7973242630385
7
75.9039909297052
6
76.0746485260771
8
80.1279818594104
7
81.0879818594104
6
81.3439909297052
7
81.5786621315193
6
81.8346485260771
7
82.0693197278912
6
82.3466439909297
5
82.5813151927438
4
82.7946485260771
6
83.0293197278912
7
83.199977324263
8
83.6053287981859
7
84.0959863945578
7
86.0373242630385
8
86.1226530612245
9
86.2293197278912
9
87.359977324263
8
87.5733106575964
9
87.8293197278912
8
88.0426530612245
8
89.3866439909297
7
90.0479818594104
6
91.1786621315193
7
91.4986621315193
8
91.8613151927438
7
91.9466439909297
6
92.1173242630386
8
93.3546485260771
6
93.9946485260771
7
94.7626530612245
6
95.4239909297052
7
96.0639909297052
8
97.1093197278912
7
97.3439909297052
8
97.6213151927438
7
97.8133106575964
8
98.1333106575964
7
98.3466439909297
6
98.6239909297052
7
98.879977324263
8
99.1146485260771
9
99.6053287981859
7
100.031995464853
7
101.994648526077
8
102.101315192744
9
102.18664399093
9
103.295986394558
8
103.573310657596
9
103.829319727891
7
104.213310657596
8
105.40798185941
6
106.04798185941
4
107.455986394558
7
107.96798185941
6
108.095986394558
8
109.418662131519
6
110.058662131519
7
110.82664399093
6
111.423990929705
5
112.085328798186
2
113.365328798186
6
114.02664399093
3
116.309319727891
1
117.333310657596
7
118.037324263039
8
120.149319727891
6
121.322653061224
8
122.005328798186
7
124.159977324263
6
125.311995464853
7
126.058662131519
6
126.485328798186
7
126.655986394558
6
126.911995464853
3
127.231995464853
2
127.509319727891
3
127.722653061224
6
127.935986394558
7
128.149319727891
7
130.133310657596
6
130.389319727891
8
131.413310657596
7
131.64798185941
6
131.903990929705
5
132.159977324263
7
133.162653061224
8
133.418662131519
7
134.058662131519
6
134.805328798186
7
135.423990929705
6
135.80798185941
7
136.149319727891
8
137.429319727891
7
138.111995464853
5
138.943990929705
6
139.370657596372
7
139.775986394558
6
139.903990929705
5
140.053310657596
8
141.354648526077
6
142.058662131519
7
142.805328798186
5
143.423990929705
